    0.0	     26
    1.0	     42
    2.0	     46
    3.0	     49
    4.0	     35
    5.0	     56
    6.0	     47
    7.0	     44
    8.0	     38
    9.0	     42
   10.0	     49
   11.0	     40
   12.0	     52
   13.0	     50
   14.0	     52
   15.0	     40
   16.0	     55
   17.0	     52
   18.0	     47
   19.0	     44
   20.0	     43
   21.0	     53
   22.0	     53
   23.0	     41
   24.0	     65
   25.0	     47
   26.0	     45
   27.0	     52
   28.0	     52
   29.0	     55
   30.0	     49
   31.0	     55
   32.0	     49
   33.0	     42
   34.0	     34
   35.0	     50
   36.0	     46
   37.0	     48
   38.0	     51
   39.0	     66
   40.0	     52
   41.0	     56
   42.0	     57
   43.0	     58
   44.0	     57
   45.0	     46
   46.0	     38
   47.0	     43
   48.0	     51
   49.0	     52
   50.0	     61
   51.0	     56
   52.0	     37
   53.0	     46
   54.0	     42
   55.0	     48
   56.0	     40
   57.0	     45
   58.0	     47
   59.0	     39
   60.0	     51
   61.0	     44
   62.0	     56
   63.0	     49
   64.0	     46
   65.0	     39
   66.0	     46
   67.0	     59
   68.0	     45
   69.0	     51
   70.0	     46
   71.0	     52
   72.0	     52
   73.0	     60
   74.0	     46
   75.0	     48
   76.0	     44
   77.0	     46
   78.0	     36
   79.0	     61
   80.0	     57
   81.0	     44
   82.0	     62
   83.0	     45
   84.0	     62
   85.0	     44
   86.0	     58
   87.0	     44
   88.0	     49
   89.0	     49
   90.0	     61
   91.0	     43
   92.0	     55
   93.0	     54
   94.0	     61
   95.0	     46
   96.0	     47
   97.0	     53
   98.0	     67
   99.0	     54
  100.0	     52
  101.0	     48
  102.0	     51
  103.0	     70
  104.0	     52
  105.0	     51
  106.0	     57
  107.0	     57
  108.0	     60
  109.0	     51
  110.0	     47
  111.0	     52
  112.0	     52
  113.0	     56
  114.0	     60
  115.0	     53
  116.0	     54
  117.0	     61
  118.0	     63
  119.0	     62
  120.0	     54
  121.0	     68
  122.0	     58
  123.0	     52
  124.0	     50
  125.0	     61
  126.0	     63
  127.0	     54
  128.0	     81
  129.0	     57
  130.0	     57
  131.0	     70
  132.0	     67
  133.0	     58
  134.0	     69
  135.0	     60
  136.0	     79
  137.0	     63
  138.0	     58
  139.0	     55
  140.0	     54
  141.0	     54
  142.0	     86
  143.0	     64
  144.0	     66
  145.0	     55
  146.0	     46
  147.0	     60
  148.0	     46
  149.0	     67
  150.0	     74
  151.0	     64
  152.0	     76
  153.0	     62
  154.0	     54
  155.0	     59
  156.0	     65
  157.0	     56
  158.0	     64
  159.0	     46
  160.0	     64
  161.0	     65
  162.0	     56
  163.0	     68
  164.0	     64
  165.0	     62
  166.0	     69
  167.0	     58
  168.0	     68
  169.0	     67
  170.0	     55
  171.0	     63
  172.0	     59
  173.0	     52
  174.0	     70
  175.0	     65
  176.0	     59
  177.0	     67
  178.0	     62
  179.0	     53
  180.0	     66
  181.0	     60
  182.0	     68
  183.0	     70
  184.0	     76
  185.0	     80
  186.0	     63
  187.0	     66
  188.0	     72
  189.0	     66
  190.0	     55
  191.0	     69
  192.0	     55
  193.0	     64
  194.0	     71
  195.0	     83
  196.0	     46
  197.0	     46
  198.0	     78
  199.0	     75
  200.0	     65
  201.0	     64
  202.0	     58
  203.0	     69
  204.0	     67
  205.0	     70
  206.0	     66
  207.0	     65
  208.0	     62
  209.0	     63
  210.0	     63
  211.0	     52
  212.0	     64
  213.0	     69
  214.0	     70
  215.0	     72
  216.0	     74
  217.0	     66
  218.0	     71
  219.0	     74
  220.0	     63
  221.0	     90
  222.0	     81
  223.0	     74
  224.0	     72
  225.0	     66
  226.0	     75
  227.0	     70
  228.0	     49
  229.0	     81
  230.0	     78
  231.0	     73
  232.0	     67
  233.0	     64
  234.0	     69
  235.0	     60
  236.0	     77
  237.0	     73
  238.0	     70
  239.0	     70
  240.0	     72
  241.0	     72
  242.0	     68
  243.0	     57
  244.0	     85
  245.0	     74
  246.0	     57
  247.0	     62
  248.0	     69
  249.0	     80
  250.0	     71
  251.0	     63
  252.0	     67
  253.0	     65
  254.0	     72
  255.0	     66
  256.0	     50
  257.0	     69
  258.0	     68
  259.0	     54
  260.0	     51
  261.0	     59
  262.0	     65
  263.0	     66
  264.0	     67
  265.0	     55
  266.0	     77
  267.0	     61
  268.0	     74
  269.0	     55
  270.0	     58
  271.0	     90
  272.0	     75
  273.0	     96
  274.0	     63
  275.0	     70
  276.0	     84
  277.0	     55
  278.0	     52
  279.0	     65
  280.0	     73
  281.0	     73
  282.0	     60
  283.0	     68
  284.0	     62
  285.0	     64
  286.0	     67
  287.0	     57
  288.0	     70
  289.0	     58
  290.0	     56
  291.0	     61
  292.0	     72
  293.0	     67
  294.0	     58
  295.0	     61
  296.0	     61
  297.0	     49
  298.0	     49
  299.0	     55
  300.0	     56
  301.0	     64
  302.0	     68
  303.0	     60
  304.0	     86
  305.0	     61
  306.0	     63
  307.0	     70
  308.0	     46
  309.0	     57
  310.0	     61
  311.0	     59
  312.0	     72
  313.0	     58
  314.0	     55
  315.0	     56
  316.0	     80
  317.0	     61
  318.0	     64
  319.0	     73
  320.0	     59
  321.0	     69
  322.0	     57
  323.0	     64
  324.0	     57
  325.0	     60
  326.0	     71
  327.0	     59
  328.0	     50
  329.0	     60
  330.0	     56
  331.0	     56
  332.0	     45
  333.0	     68
  334.0	     61
  335.0	     59
  336.0	     47
  337.0	     49
  338.0	     69
  339.0	     46
  340.0	     54
  341.0	     57
  342.0	     66
  343.0	     49
  344.0	     71
  345.0	     58
  346.0	     65
  347.0	     63
  348.0	     65
  349.0	     56
  350.0	     74
  351.0	     77
  352.0	     61
  353.0	     56
  354.0	     58
  355.0	     67
  356.0	     56
  357.0	     61
  358.0	     59
  359.0	     57
  360.0	     58
  361.0	     50
  362.0	     60
  363.0	     56
  364.0	     57
  365.0	     51
  366.0	     62
  367.0	     55
  368.0	     55
  369.0	     64
  370.0	     61
  371.0	     61
  372.0	     62
  373.0	     55
  374.0	     58
  375.0	     61
  376.0	     37
  377.0	     67
  378.0	     55
  379.0	     64
  380.0	     66
  381.0	     64
  382.0	     63
  383.0	     66
  384.0	     72
  385.0	     72
  386.0	    113
  387.0	     66
  388.0	    160
  389.0	     70
  390.0	     45
  391.0	     70
  392.0	     73
  393.0	     54
  394.0	     64
  395.0	     62
  396.0	     79
  397.0	     51
  398.0	     63
  399.0	     60
  400.0	     58
  401.0	     55
  402.0	     55
  403.0	     70
  404.0	     69
  405.0	     81
  406.0	     67
  407.0	     67
  408.0	     56
  409.0	     57
  410.0	     58
  411.0	     55
  412.0	     60
  413.0	     46
  414.0	     53
  415.0	     58
  416.0	     70
  417.0	     78
  418.0	     67
  419.0	     72
  420.0	     59
  421.0	     67
  422.0	     66
  423.0	     58
  424.0	     46
  425.0	     57
  426.0	     58
  427.0	     68
  428.0	     77
  429.0	     54
  430.0	     45
  431.0	     44
  432.0	     59
  433.0	     53
  434.0	     50
  435.0	     56
  436.0	     51
  437.0	     61
  438.0	     50
  439.0	     44
  440.0	     59
  441.0	     43
  442.0	     46
  443.0	     52
  444.0	     49
  445.0	     44
  446.0	     58
  447.0	     51
  448.0	     49
  449.0	     43
  450.0	     45
  451.0	     55
  452.0	     47
  453.0	     58
  454.0	    100
  455.0	     32
  456.0	     36
  457.0	     51
  458.0	     29
  459.0	     51
  460.0	     46
  461.0	     38
  462.0	     48
  463.0	     38
  464.0	     34
  465.0	     27
  466.0	     43
  467.0	     37
  468.0	     42
  469.0	     55
  470.0	     52
  471.0	     41
  472.0	     36
  473.0	     47
  474.0	     63
  475.0	     30
  476.0	     40
  477.0	     42
  478.0	     43
  479.0	     48
  480.0	     41
  481.0	     45
  482.0	     29
  483.0	     48
  484.0	     41
  485.0	     35
  486.0	     37
  487.0	     40
  488.0	     42
  489.0	     42
  490.0	     46
  491.0	     39
  492.0	     27
  493.0	     39
  494.0	     34
  495.0	     40
  496.0	     49
  497.0	     39
  498.0	     35
  499.0	     42
  500.0	     33
  501.0	     46
  502.0	     31
  503.0	     28
  504.0	     56
  505.0	     33
  506.0	     36
  507.0	     31
  508.0	     26
  509.0	     34
  510.0	    132
  511.0	     36
  512.0	     30
  513.0	     37
  514.0	     33
  515.0	     37
  516.0	     34
  517.0	     30
  518.0	     27
  519.0	     40
  520.0	     30
  521.0	     36
  522.0	     40
  523.0	     31
  524.0	     37
  525.0	     39
  526.0	     36
  527.0	     31
  528.0	     26
  529.0	     42
  530.0	     26
  531.0	     24
  532.0	     32
  533.0	     37
  534.0	     39
  535.0	     37
  536.0	     38
  537.0	     36
  538.0	     37
  539.0	     34
  540.0	     34
  541.0	     36
  542.0	     34
  543.0	     39
  544.0	     34
  545.0	     33
  546.0	     30
  547.0	     37
  548.0	     31
  549.0	     35
  550.0	     31
  551.0	     29
  552.0	     28
  553.0	     36
  554.0	     44
  555.0	     26
  556.0	     25
  557.0	     38
  558.0	     21
  559.0	     47
  560.0	     38
  561.0	     30
  562.0	     43
  563.0	     42
  564.0	     37
  565.0	     35
  566.0	     35
  567.0	     25
  568.0	     25
  569.0	     35
  570.0	     27
  571.0	     38
  572.0	     40
  573.0	     41
  574.0	     33
  575.0	     43
  576.0	     37
  577.0	     35
  578.0	     26
  579.0	     32
  580.0	     27
  581.0	     25
  582.0	     28
  583.0	     47
  584.0	     37
  585.0	     25
  586.0	     34
  587.0	     30
  588.0	     24
  589.0	     33
  590.0	     33
  591.0	     30
  592.0	     41
  593.0	     29
  594.0	     23
  595.0	     27
  596.0	     30
  597.0	     26
  598.0	     33
  599.0	     22
  600.0	     22
  601.0	     26
  602.0	     32
  603.0	     34
  604.0	     24
  605.0	     25
  606.0	     32
  607.0	     21
  608.0	     25
  609.0	   4336
  610.0	     22
  611.0	     17
  612.0	     25
  613.0	     24
  614.0	     22
  615.0	     41
  616.0	     28
  617.0	     16
  618.0	     22
  619.0	     29
  620.0	     29
  621.0	     18
  622.0	     19
  623.0	     23
  624.0	     12
  625.0	     25
  626.0	     20
  627.0	     33
  628.0	     26
  629.0	     22
  630.0	     27
  631.0	     26
  632.0	     22
  633.0	     36
  634.0	     18
  635.0	     18
  636.0	     20
  637.0	     24
  638.0	     22
  639.0	     29
  640.0	     28
  641.0	     15
  642.0	     26
  643.0	     33
  644.0	     22
  645.0	     27
  646.0	     22
  647.0	     23
  648.0	     29
  649.0	     33
  650.0	     25
  651.0	     20
  652.0	     18
  653.0	     17
  654.0	     28
  655.0	     24
  656.0	     16
  657.0	     14
  658.0	     21
  659.0	     29
  660.0	     29
  661.0	     17
  662.0	     27
  663.0	     25
  664.0	     22
  665.0	    148
  666.0	     26
  667.0	     19
  668.0	     25
  669.0	     20
  670.0	     16
  671.0	     31
  672.0	     23
  673.0	     24
  674.0	     28
  675.0	     25
  676.0	     25
  677.0	     26
  678.0	     24
  679.0	     28
  680.0	     24
  681.0	     18
  682.0	     16
  683.0	     30
  684.0	     30
  685.0	     21
  686.0	     26
  687.0	     23
  688.0	     19
  689.0	     24
  690.0	     19
  691.0	     23
  692.0	     13
  693.0	     18
  694.0	     27
  695.0	     17
  696.0	     23
  697.0	     31
  698.0	     19
  699.0	     21
  700.0	     29
  701.0	     34
  702.0	     17
  703.0	     59
  704.0	     24
  705.0	     15
  706.0	     26
  707.0	     35
  708.0	     29
  709.0	     23
  710.0	     33
  711.0	     22
  712.0	     24
  713.0	     26
  714.0	     30
  715.0	     30
  716.0	     28
  717.0	     26
  718.0	     19
  719.0	     78
  720.0	     21
  721.0	     23
  722.0	     24
  723.0	     27
  724.0	     21
  725.0	     27
  726.0	     19
  727.0	     32
  728.0	     23
  729.0	     16
  730.0	     23
  731.0	     27
  732.0	     22
  733.0	     30
  734.0	     18
  735.0	     21
  736.0	     25
  737.0	     18
  738.0	     26
  739.0	     29
  740.0	     33
  741.0	     26
  742.0	     34
  743.0	     14
  744.0	     23
  745.0	     22
  746.0	     30
  747.0	     27
  748.0	     19
  749.0	     18
  750.0	     19
  751.0	     25
  752.0	     32
  753.0	     21
  754.0	     19
  755.0	     15
  756.0	     23
  757.0	     27
  758.0	     23
  759.0	     22
  760.0	     25
  761.0	     24
  762.0	     19
  763.0	     31
  764.0	     18
  765.0	     22
  766.0	     25
  767.0	     23
  768.0	    536
  769.0	     22
  770.0	     22
  771.0	     15
  772.0	     21
  773.0	     15
  774.0	     27
  775.0	     23
  776.0	     22
  777.0	     21
  778.0	     26
  779.0	     15
  780.0	     16
  781.0	     23
  782.0	     23
  783.0	     24
  784.0	     20
  785.0	     25
  786.0	     47
  787.0	     23
  788.0	     24
  789.0	     24
  790.0	     20
  791.0	     30
  792.0	     22
  793.0	     26
  794.0	     22
  795.0	     16
  796.0	     21
  797.0	     17
  798.0	     24
  799.0	     27
  800.0	     20
  801.0	     25
  802.0	     26
  803.0	     23
  804.0	     26
  805.0	     20
  806.0	    175
  807.0	     22
  808.0	     20
  809.0	     22
  810.0	     21
  811.0	     21
  812.0	     23
  813.0	     17
  814.0	     24
  815.0	     18
  816.0	     19
  817.0	     27
  818.0	     23
  819.0	     14
  820.0	     34
  821.0	     29
  822.0	     30
  823.0	     27
  824.0	     18
  825.0	     28
  826.0	     26
  827.0	     26
  828.0	     27
  829.0	     19
  830.0	     25
  831.0	     21
  832.0	     29
  833.0	     29
  834.0	     24
  835.0	     22
  836.0	     29
  837.0	     22
  838.0	     19
  839.0	     27
  840.0	     24
  841.0	     21
  842.0	     19
  843.0	     28
  844.0	     28
  845.0	     25
  846.0	     31
  847.0	     32
  848.0	     25
  849.0	     21
  850.0	     20
  851.0	     23
  852.0	     24
  853.0	     28
  854.0	     18
  855.0	     26
  856.0	     24
  857.0	     31
  858.0	     14
  859.0	     20
  860.0	     23
  861.0	     22
  862.0	     22
  863.0	     24
  864.0	     26
  865.0	     29
  866.0	     23
  867.0	     25
  868.0	     16
  869.0	     30
  870.0	     25
  871.0	     22
  872.0	     22
  873.0	     21
  874.0	     36
  875.0	     29
  876.0	     20
  877.0	     25
  878.0	     30
  879.0	     30
  880.0	     18
  881.0	     25
  882.0	     23
  883.0	     23
  884.0	     23
  885.0	     22
  886.0	     23
  887.0	     27
  888.0	     28
  889.0	     21
  890.0	     24
  891.0	     29
  892.0	     22
  893.0	     25
  894.0	     23
  895.0	     29
  896.0	     22
  897.0	     21
  898.0	     26
  899.0	     31
  900.0	     18
  901.0	     19
  902.0	     23
  903.0	     31
  904.0	     37
  905.0	     18
  906.0	     35
  907.0	     13
  908.0	     21
  909.0	     26
  910.0	     18
  911.0	     30
  912.0	     30
  913.0	     24
  914.0	     21
  915.0	     25
  916.0	     19
  917.0	     26
  918.0	     25
  919.0	     20
  920.0	     20
  921.0	     26
  922.0	     24
  923.0	     19
  924.0	     13
  925.0	     20
  926.0	     17
  927.0	     20
  928.0	     21
  929.0	     31
  930.0	     19
  931.0	     30
  932.0	     28
  933.0	     18
  934.0	    342
  935.0	     23
  936.0	     16
  937.0	     26
  938.0	     21
  939.0	     26
  940.0	     24
  941.0	     26
  942.0	     22
  943.0	     23
  944.0	     20
  945.0	     17
  946.0	     20
  947.0	     21
  948.0	     19
  949.0	     24
  950.0	     23
  951.0	     26
  952.0	     13
  953.0	     17
  954.0	     19
  955.0	     25
  956.0	     17
  957.0	     14
  958.0	     17
  959.0	     11
  960.0	     21
  961.0	     17
  962.0	     25
  963.0	     23
  964.0	     62
  965.0	     24
  966.0	     30
  967.0	     21
  968.0	     28
  969.0	     24
  970.0	     21
  971.0	     17
  972.0	     21
  973.0	     23
  974.0	     25
  975.0	     23
  976.0	     14
  977.0	     24
  978.0	     22
  979.0	     18
  980.0	     22
  981.0	     18
  982.0	     25
  983.0	     25
  984.0	     18
  985.0	     18
  986.0	     20
  987.0	     20
  988.0	     18
  989.0	     16
  990.0	     26
  991.0	     17
  992.0	     15
  993.0	     16
  994.0	     13
  995.0	     17
  996.0	     15
  997.0	      9
  998.0	     27
  999.0	     21
 1000.0	     14
 1001.0	     15
 1002.0	     19
 1003.0	     18
 1004.0	     21
 1005.0	     25
 1006.0	     23
 1007.0	     21
 1008.0	     23
 1009.0	     15
 1010.0	     23
 1011.0	     18
 1012.0	     21
 1013.0	     14
 1014.0	     19
 1015.0	     17
 1016.0	     16
 1017.0	      9
 1018.0	     21
 1019.0	     20
 1020.0	     17
 1021.0	     16
 1022.0	     15
 1023.0	     20
 1024.0	     22
 1025.0	     18
 1026.0	     16
 1027.0	     17
 1028.0	     16
 1029.0	     13
 1030.0	     17
 1031.0	     12
 1032.0	     21
 1033.0	     13
 1034.0	     18
 1035.0	     16
 1036.0	     23
 1037.0	     15
 1038.0	     15
 1039.0	     12
 1040.0	     14
 1041.0	     24
 1042.0	     20
 1043.0	     16
 1044.0	     13
 1045.0	     19
 1046.0	     17
 1047.0	     16
 1048.0	     27
 1049.0	     20
 1050.0	     17
 1051.0	     39
 1052.0	     10
 1053.0	     19
 1054.0	      8
 1055.0	     16
 1056.0	     19
 1057.0	     18
 1058.0	     14
 1059.0	     19
 1060.0	     13
 1061.0	     21
 1062.0	     21
 1063.0	     13
 1064.0	     18
 1065.0	     21
 1066.0	     10
 1067.0	     15
 1068.0	     22
 1069.0	     10
 1070.0	     54
 1071.0	     17
 1072.0	     18
 1073.0	     11
 1074.0	     17
 1075.0	     17
 1076.0	     23
 1077.0	     12
 1078.0	     18
 1079.0	     12
 1080.0	     16
 1081.0	     14
 1082.0	     17
 1083.0	     16
 1084.0	     14
 1085.0	     17
 1086.0	     17
 1087.0	     16
 1088.0	     16
 1089.0	     13
 1090.0	     14
 1091.0	     25
 1092.0	     17
 1093.0	     24
 1094.0	     13
 1095.0	     14
 1096.0	     16
 1097.0	     14
 1098.0	     13
 1099.0	     12
 1100.0	      8
 1101.0	      9
 1102.0	     16
 1103.0	     27
 1104.0	     21
 1105.0	     15
 1106.0	     15
 1107.0	     13
 1108.0	     13
 1109.0	     12
 1110.0	     19
 1111.0	     16
 1112.0	     17
 1113.0	     14
 1114.0	     16
 1115.0	     30
 1116.0	     12
 1117.0	     12
 1118.0	     19
 1119.0	     15
 1120.0	   1391
 1121.0	     21
 1122.0	     14
 1123.0	     19
 1124.0	     12
 1125.0	     15
 1126.0	     11
 1127.0	     18
 1128.0	     16
 1129.0	     15
 1130.0	     17
 1131.0	     16
 1132.0	     13
 1133.0	     36
 1134.0	     15
 1135.0	     14
 1136.0	     14
 1137.0	     23
 1138.0	     12
 1139.0	     12
 1140.0	     11
 1141.0	     17
 1142.0	     10
 1143.0	     12
 1144.0	     19
 1145.0	     15
 1146.0	     12
 1147.0	     17
 1148.0	     13
 1149.0	     21
 1150.0	     18
 1151.0	     13
 1152.0	      8
 1153.0	     17
 1154.0	     18
 1155.0	    159
 1156.0	     15
 1157.0	     14
 1158.0	     14
 1159.0	     14
 1160.0	     15
 1161.0	     16
 1162.0	     13
 1163.0	     10
 1164.0	     14
 1165.0	     19
 1166.0	     15
 1167.0	     12
 1168.0	     13
 1169.0	     14
 1170.0	     11
 1171.0	     18
 1172.0	     19
 1173.0	      9
 1174.0	     16
 1175.0	      9
 1176.0	     16
 1177.0	     10
 1178.0	     12
 1179.0	     17
 1180.0	     11
 1181.0	     13
 1182.0	     30
 1183.0	     17
 1184.0	      9
 1185.0	     13
 1186.0	     10
 1187.0	     26
 1188.0	     16
 1189.0	     20
 1190.0	     12
 1191.0	      7
 1192.0	     15
 1193.0	     14
 1194.0	     12
 1195.0	     17
 1196.0	     17
 1197.0	     13
 1198.0	     12
 1199.0	     15
 1200.0	     15
 1201.0	     14
 1202.0	     14
 1203.0	     14
 1204.0	     16
 1205.0	     15
 1206.0	     12
 1207.0	     50
 1208.0	      7
 1209.0	      9
 1210.0	     12
 1211.0	      8
 1212.0	      2
 1213.0	     14
 1214.0	     10
 1215.0	     19
 1216.0	     14
 1217.0	     10
 1218.0	     26
 1219.0	      9
 1220.0	      8
 1221.0	      9
 1222.0	     13
 1223.0	     10
 1224.0	     11
 1225.0	     10
 1226.0	      5
 1227.0	      9
 1228.0	      8
 1229.0	     11
 1230.0	      8
 1231.0	      8
 1232.0	      9
 1233.0	     17
 1234.0	     11
 1235.0	      9
 1236.0	     11
 1237.0	     12
 1238.0	    523
 1239.0	     15
 1240.0	      9
 1241.0	     15
 1242.0	     10
 1243.0	     21
 1244.0	     12
 1245.0	     16
 1246.0	     11
 1247.0	      8
 1248.0	     13
 1249.0	      9
 1250.0	     12
 1251.0	     17
 1252.0	     15
 1253.0	     45
 1254.0	     18
 1255.0	     13
 1256.0	     13
 1257.0	     12
 1258.0	     12
 1259.0	     12
 1260.0	     10
 1261.0	     11
 1262.0	      9
 1263.0	     12
 1264.0	     13
 1265.0	      7
 1266.0	     12
 1267.0	     15
 1268.0	     11
 1269.0	     10
 1270.0	      3
 1271.0	     10
 1272.0	     11
 1273.0	     15
 1274.0	     17
 1275.0	     19
 1276.0	     10
 1277.0	     10
 1278.0	     18
 1279.0	     16
 1280.0	    137
 1281.0	     11
 1282.0	     10
 1283.0	     12
 1284.0	     10
 1285.0	     16
 1286.0	     12
 1287.0	      7
 1288.0	     13
 1289.0	     12
 1290.0	      7
 1291.0	      9
 1292.0	     16
 1293.0	     14
 1294.0	     13
 1295.0	      7
 1296.0	     11
 1297.0	      9
 1298.0	      4
 1299.0	     10
 1300.0	      9
 1301.0	     15
 1302.0	     16
 1303.0	     20
 1304.0	      9
 1305.0	     12
 1306.0	     11
 1307.0	     12
 1308.0	     10
 1309.0	      9
 1310.0	     12
 1311.0	      6
 1312.0	     19
 1313.0	     14
 1314.0	      8
 1315.0	     23
 1316.0	     18
 1317.0	     10
 1318.0	     13
 1319.0	      5
 1320.0	     11
 1321.0	     13
 1322.0	     13
 1323.0	     12
 1324.0	     12
 1325.0	     15
 1326.0	     13
 1327.0	      8
 1328.0	      6
 1329.0	     13
 1330.0	     16
 1331.0	     14
 1332.0	      6
 1333.0	     14
 1334.0	     14
 1335.0	     12
 1336.0	     14
 1337.0	     13
 1338.0	     10
 1339.0	      8
 1340.0	     10
 1341.0	     13
 1342.0	      7
 1343.0	     14
 1344.0	      4
 1345.0	     10
 1346.0	     10
 1347.0	      8
 1348.0	      6
 1349.0	     14
 1350.0	     14
 1351.0	     11
 1352.0	     12
 1353.0	     11
 1354.0	     11
 1355.0	     13
 1356.0	     18
 1357.0	     11
 1358.0	     14
 1359.0	      8
 1360.0	     11
 1361.0	     13
 1362.0	      6
 1363.0	      5
 1364.0	     16
 1365.0	     10
 1366.0	     10
 1367.0	     10
 1368.0	     14
 1369.0	      9
 1370.0	     10
 1371.0	     16
 1372.0	      9
 1373.0	     11
 1374.0	     16
 1375.0	     13
 1376.0	     11
 1377.0	    346
 1378.0	     10
 1379.0	     11
 1380.0	     15
 1381.0	     10
 1382.0	     10
 1383.0	     12
 1384.0	     10
 1385.0	     71
 1386.0	     16
 1387.0	     20
 1388.0	     17
 1389.0	     17
 1390.0	     12
 1391.0	      8
 1392.0	      9
 1393.0	     11
 1394.0	     11
 1395.0	     11
 1396.0	      4
 1397.0	     12
 1398.0	     11
 1399.0	      8
 1400.0	      2
 1401.0	    106
 1402.0	     12
 1403.0	      6
 1404.0	     10
 1405.0	      5
 1406.0	      9
 1407.0	    230
 1408.0	      8
 1409.0	     12
 1410.0	      8
 1411.0	     12
 1412.0	     15
 1413.0	     12
 1414.0	      7
 1415.0	     16
 1416.0	      9
 1417.0	     11
 1418.0	      7
 1419.0	     13
 1420.0	      8
 1421.0	     14
 1422.0	      8
 1423.0	     11
 1424.0	     14
 1425.0	     14
 1426.0	     12
 1427.0	      9
 1428.0	      7
 1429.0	     12
 1430.0	      5
 1431.0	     12
 1432.0	     13
 1433.0	      8
 1434.0	      9
 1435.0	      8
 1436.0	     10
 1437.0	     12
 1438.0	     11
 1439.0	     13
 1440.0	      9
 1441.0	     14
 1442.0	      9
 1443.0	      7
 1444.0	      9
 1445.0	      9
 1446.0	      7
 1447.0	      5
 1448.0	     12
 1449.0	     16
 1450.0	      7
 1451.0	     10
 1452.0	     16
 1453.0	     11
 1454.0	     15
 1455.0	     12
 1456.0	      9
 1457.0	     13
 1458.0	     18
 1459.0	     11
 1460.0	     13
 1461.0	     15
 1462.0	     11
 1463.0	     15
 1464.0	     10
 1465.0	     15
 1466.0	      5
 1467.0	     10
 1468.0	     13
 1469.0	     12
 1470.0	     10
 1471.0	     12
 1472.0	     13
 1473.0	      9
 1474.0	      6
 1475.0	     15
 1476.0	     10
 1477.0	      9
 1478.0	     17
 1479.0	     17
 1480.0	     11
 1481.0	     15
 1482.0	     11
 1483.0	     17
 1484.0	     12
 1485.0	     10
 1486.0	     16
 1487.0	     11
 1488.0	     14
 1489.0	     12
 1490.0	     11
 1491.0	      9
 1492.0	      8
 1493.0	     15
 1494.0	     15
 1495.0	     16
 1496.0	     13
 1497.0	     14
 1498.0	     14
 1499.0	     11
 1500.0	     10
 1501.0	     11
 1502.0	     12
 1503.0	      8
 1504.0	     13
 1505.0	     19
 1506.0	     13
 1507.0	     10
 1508.0	     11
 1509.0	    188
 1510.0	      6
 1511.0	     12
 1512.0	     13
 1513.0	     11
 1514.0	     10
 1515.0	     12
 1516.0	     10
 1517.0	     14
 1518.0	     14
 1519.0	     15
 1520.0	      9
 1521.0	     15
 1522.0	     14
 1523.0	     17
 1524.0	      7
 1525.0	     12
 1526.0	      7
 1527.0	     11
 1528.0	      7
 1529.0	     12
 1530.0	     15
 1531.0	     13
 1532.0	     17
 1533.0	     13
 1534.0	     12
 1535.0	     10
 1536.0	     15
 1537.0	      9
 1538.0	     49
 1539.0	     13
 1540.0	     12
 1541.0	      6
 1542.0	      5
 1543.0	     41
 1544.0	      9
 1545.0	      5
 1546.0	     13
 1547.0	      7
 1548.0	     13
 1549.0	     12
 1550.0	      8
 1551.0	      9
 1552.0	      8
 1553.0	     10
 1554.0	     15
 1555.0	      9
 1556.0	      6
 1557.0	      9
 1558.0	      8
 1559.0	     17
 1560.0	      7
 1561.0	     11
 1562.0	      6
 1563.0	     11
 1564.0	      9
 1565.0	      6
 1566.0	      7
 1567.0	     12
 1568.0	      7
 1569.0	     10
 1570.0	      9
 1571.0	     10
 1572.0	     15
 1573.0	      9
 1574.0	      9
 1575.0	     12
 1576.0	      5
 1577.0	      4
 1578.0	     13
 1579.0	     13
 1580.0	     11
 1581.0	     10
 1582.0	     10
 1583.0	     52
 1584.0	      8
 1585.0	      8
 1586.0	     10
 1587.0	     11
 1588.0	     10
 1589.0	      5
 1590.0	      5
 1591.0	     10
 1592.0	      6
 1593.0	     12
 1594.0	     28
 1595.0	      9
 1596.0	      8
 1597.0	      5
 1598.0	      8
 1599.0	     18
 1600.0	      8
 1601.0	     11
 1602.0	      9
 1603.0	      7
 1604.0	      8
 1605.0	      7
 1606.0	      6
 1607.0	      8
 1608.0	     11
 1609.0	      8
 1610.0	      9
 1611.0	      8
 1612.0	      4
 1613.0	      8
 1614.0	     10
 1615.0	      9
 1616.0	     10
 1617.0	      5
 1618.0	     13
 1619.0	      2
 1620.0	     10
 1621.0	      8
 1622.0	      9
 1623.0	      4
 1624.0	      7
 1625.0	      4
 1626.0	      5
 1627.0	     12
 1628.0	      7
 1629.0	      7
 1630.0	      5
 1631.0	      4
 1632.0	      3
 1633.0	      6
 1634.0	      8
 1635.0	     11
 1636.0	      9
 1637.0	      7
 1638.0	      8
 1639.0	      4
 1640.0	      4
 1641.0	      5
 1642.0	      5
 1643.0	      6
 1644.0	      6
 1645.0	     11
 1646.0	      6
 1647.0	      9
 1648.0	      7
 1649.0	      3
 1650.0	      4
 1651.0	      5
 1652.0	      9
 1653.0	      5
 1654.0	      4
 1655.0	      4
 1656.0	      3
 1657.0	      7
 1658.0	      5
 1659.0	     10
 1660.0	      4
 1661.0	     66
 1662.0	      7
 1663.0	      6
 1664.0	      6
 1665.0	      2
 1666.0	      6
 1667.0	      6
 1668.0	      9
 1669.0	      3
 1670.0	      5
 1671.0	      4
 1672.0	      6
 1673.0	      5
 1674.0	      6
 1675.0	      5
 1676.0	      8
 1677.0	      5
 1678.0	      1
 1679.0	      3
 1680.0	      7
 1681.0	      4
 1682.0	      3
 1683.0	      5
 1684.0	     17
 1685.0	      2
 1686.0	      6
 1687.0	      3
 1688.0	      2
 1689.0	      4
 1690.0	      4
 1691.0	      5
 1692.0	      0
 1693.0	     25
 1694.0	      6
 1695.0	      3
 1696.0	      8
 1697.0	      4
 1698.0	      6
 1699.0	      4
 1700.0	      3
 1701.0	      4
 1702.0	      2
 1703.0	      1
 1704.0	      4
 1705.0	      3
 1706.0	      5
 1707.0	      1
 1708.0	      4
 1709.0	      7
 1710.0	      3
 1711.0	      4
 1712.0	      7
 1713.0	      6
 1714.0	      3
 1715.0	      5
 1716.0	      4
 1717.0	      4
 1718.0	      7
 1719.0	      4
 1720.0	      0
 1721.0	      3
 1722.0	      8
 1723.0	      2
 1724.0	      2
 1725.0	      5
 1726.0	      5
 1727.0	      4
 1728.0	      1
 1729.0	    204
 1730.0	      4
 1731.0	      5
 1732.0	      8
 1733.0	      5
 1734.0	      3
 1735.0	      2
 1736.0	      2
 1737.0	      1
 1738.0	      1
 1739.0	      4
 1740.0	      6
 1741.0	      3
 1742.0	      5
 1743.0	      1
 1744.0	      3
 1745.0	      1
 1746.0	      5
 1747.0	      3
 1748.0	      3
 1749.0	      3
 1750.0	      6
 1751.0	      3
 1752.0	      9
 1753.0	      1
 1754.0	      4
 1755.0	      4
 1756.0	      5
 1757.0	      4
 1758.0	      4
 1759.0	      4
 1760.0	      3
 1761.0	      2
 1762.0	      4
 1763.0	      2
 1764.0	   1105
 1765.0	      6
 1766.0	      0
 1767.0	      2
 1768.0	      2
 1769.0	      2
 1770.0	      2
 1771.0	      5
 1772.0	      3
 1773.0	      4
 1774.0	      8
 1775.0	      2
 1776.0	      1
 1777.0	      1
 1778.0	      2
 1779.0	      1
 1780.0	      0
 1781.0	      3
 1782.0	      4
 1783.0	      1
 1784.0	      2
 1785.0	      5
 1786.0	      4
 1787.0	      6
 1788.0	      3
 1789.0	      5
 1790.0	      4
 1791.0	      2
 1792.0	      1
 1793.0	      4
 1794.0	      2
 1795.0	      4
 1796.0	      0
 1797.0	      5
 1798.0	      3
 1799.0	      1
 1800.0	      4
 1801.0	      3
 1802.0	      2
 1803.0	      4
 1804.0	      4
 1805.0	      1
 1806.0	      5
 1807.0	      5
 1808.0	      5
 1809.0	      2
 1810.0	      0
 1811.0	      1
 1812.0	      4
 1813.0	      2
 1814.0	      3
 1815.0	      5
 1816.0	      1
 1817.0	      4
 1818.0	      3
 1819.0	      2
 1820.0	      2
 1821.0	      3
 1822.0	      4
 1823.0	      4
 1824.0	      6
 1825.0	      6
 1826.0	      5
 1827.0	      4
 1828.0	      5
 1829.0	      4
 1830.0	      4
 1831.0	      4
 1832.0	      2
 1833.0	      3
 1834.0	      3
 1835.0	      4
 1836.0	      7
 1837.0	      6
 1838.0	     25
 1839.0	      4
 1840.0	      3
 1841.0	      3
 1842.0	      2
 1843.0	      3
 1844.0	      2
 1845.0	      3
 1846.0	      0
 1847.0	    138
 1848.0	      1
 1849.0	      3
 1850.0	      3
 1851.0	      5
 1852.0	      3
 1853.0	      5
 1854.0	      2
 1855.0	      3
 1856.0	      4
 1857.0	      5
 1858.0	      1
 1859.0	      4
 1860.0	      3
 1861.0	      2
 1862.0	      4
 1863.0	      0
 1864.0	      3
 1865.0	      7
 1866.0	      9
 1867.0	      3
 1868.0	      4
 1869.0	      2
 1870.0	      1
 1871.0	      2
 1872.0	      2
 1873.0	     17
 1874.0	      4
 1875.0	      2
 1876.0	      4
 1877.0	      2
 1878.0	      3
 1879.0	      2
 1880.0	      4
 1881.0	      4
 1882.0	      0
 1883.0	      0
 1884.0	      4
 1885.0	      3
 1886.0	      1
 1887.0	      2
 1888.0	      3
 1889.0	      2
 1890.0	      6
 1891.0	      7
 1892.0	      2
 1893.0	      3
 1894.0	      2
 1895.0	      2
 1896.0	      9
 1897.0	      3
 1898.0	      5
 1899.0	      1
 1900.0	      0
 1901.0	      2
 1902.0	      6
 1903.0	      2
 1904.0	      3
 1905.0	      4
 1906.0	      2
 1907.0	      2
 1908.0	      3
 1909.0	      7
 1910.0	      3
 1911.0	      2
 1912.0	      5
 1913.0	      3
 1914.0	      4
 1915.0	      4
 1916.0	      1
 1917.0	      1
 1918.0	      2
 1919.0	      7
 1920.0	      2
 1921.0	      3
 1922.0	      3
 1923.0	      3
 1924.0	      4
 1925.0	      2
 1926.0	      6
 1927.0	      1
 1928.0	      4
 1929.0	      3
 1930.0	      3
 1931.0	      2
 1932.0	      9
 1933.0	      2
 1934.0	      2
 1935.0	      7
 1936.0	     12
 1937.0	      3
 1938.0	      4
 1939.0	      5
 1940.0	      3
 1941.0	      6
 1942.0	      7
 1943.0	      3
 1944.0	      3
 1945.0	      3
 1946.0	      4
 1947.0	      1
 1948.0	      3
 1949.0	      2
 1950.0	      3
 1951.0	      2
 1952.0	      3
 1953.0	      1
 1954.0	      3
 1955.0	      4
 1956.0	      1
 1957.0	      5
 1958.0	      3
 1959.0	     10
 1960.0	      4
 1961.0	      2
 1962.0	      1
 1963.0	      2
 1964.0	      2
 1965.0	      4
 1966.0	      6
 1967.0	      1
 1968.0	      1
 1969.0	      8
 1970.0	      0
 1971.0	      3
 1972.0	      1
 1973.0	      1
 1974.0	      1
 1975.0	      3
 1976.0	      1
 1977.0	      3
 1978.0	      3
 1979.0	      1
 1980.0	      1
 1981.0	      3
 1982.0	      2
 1983.0	      1
 1984.0	      1
 1985.0	      1
 1986.0	      4
 1987.0	      1
 1988.0	      0
 1989.0	      3
 1990.0	      3
 1991.0	      5
 1992.0	      3
 1993.0	      1
 1994.0	      1
 1995.0	      5
 1996.0	      4
 1997.0	      2
 1998.0	      2
 1999.0	      5
 2000.0	      1
 2001.0	      2
 2002.0	      3
 2003.0	      1
 2004.0	      0
 2005.0	      3
 2006.0	      1
 2007.0	      1
 2008.0	      2
 2009.0	      0
 2010.0	      5
 2011.0	      2
 2012.0	      1
 2013.0	      3
 2014.0	      3
 2015.0	      1
 2016.0	      2
 2017.0	      6
 2018.0	      2
 2019.0	      1
 2020.0	      3
 2021.0	      2
 2022.0	      2
 2023.0	      0
 2024.0	      2
 2025.0	      5
 2026.0	      4
 2027.0	      4
 2028.0	      3
 2029.0	      3
 2030.0	      3
 2031.0	      0
 2032.0	      2
 2033.0	      1
 2034.0	      1
 2035.0	      4
 2036.0	      2
 2037.0	      0
 2038.0	      4
 2039.0	      2
 2040.0	      2
 2041.0	      1
 2042.0	      3
 2043.0	      1
 2044.0	      1
 2045.0	      4
 2046.0	      0
 2047.0	      0
 2048.0	      1
 2049.0	      3
 2050.0	      1
 2051.0	      3
 2052.0	      6
 2053.0	      0
 2054.0	      3
 2055.0	      4
 2056.0	      2
 2057.0	      2
 2058.0	      2
 2059.0	      2
 2060.0	      6
 2061.0	      2
 2062.0	      2
 2063.0	      4
 2064.0	      2
 2065.0	      0
 2066.0	      2
 2067.0	      1
 2068.0	      0
 2069.0	      2
 2070.0	      2
 2071.0	      1
 2072.0	      1
 2073.0	      2
 2074.0	      1
 2075.0	      2
 2076.0	      2
 2077.0	      5
 2078.0	      0
 2079.0	      2
 2080.0	      1
 2081.0	      2
 2082.0	      2
 2083.0	      2
 2084.0	      1
 2085.0	      5
 2086.0	      2
 2087.0	      2
 2088.0	      2
 2089.0	      6
 2090.0	      1
 2091.0	      0
 2092.0	      1
 2093.0	      0
 2094.0	      1
 2095.0	      1
 2096.0	      1
 2097.0	      1
 2098.0	      3
 2099.0	      1
 2100.0	      0
 2101.0	      0
 2102.0	      2
 2103.0	      1
 2104.0	      0
 2105.0	      1
 2106.0	      2
 2107.0	      1
 2108.0	      2
 2109.0	      7
 2110.0	      1
 2111.0	      1
 2112.0	      1
 2113.0	      2
 2114.0	      2
 2115.0	      0
 2116.0	      0
 2117.0	      0
 2118.0	     69
 2119.0	      0
 2120.0	      0
 2121.0	      1
 2122.0	      2
 2123.0	      1
 2124.0	      2
 2125.0	      3
 2126.0	      0
 2127.0	      2
 2128.0	      1
 2129.0	      1
 2130.0	      3
 2131.0	      1
 2132.0	      1
 2133.0	      3
 2134.0	      1
 2135.0	      0
 2136.0	      1
 2137.0	      1
 2138.0	      1
 2139.0	      1
 2140.0	      1
 2141.0	      3
 2142.0	      1
 2143.0	      0
 2144.0	      1
 2145.0	      1
 2146.0	      0
 2147.0	      2
 2148.0	      1
 2149.0	      1
 2150.0	      3
 2151.0	      1
 2152.0	      2
 2153.0	      2
 2154.0	      5
 2155.0	      1
 2156.0	      2
 2157.0	      1
 2158.0	      3
 2159.0	      2
 2160.0	      2
 2161.0	      2
 2162.0	      0
 2163.0	      1
 2164.0	      1
 2165.0	      0
 2166.0	      1
 2167.0	      1
 2168.0	      1
 2169.0	      0
 2170.0	      1
 2171.0	      2
 2172.0	      3
 2173.0	      2
 2174.0	      1
 2175.0	      1
 2176.0	      1
 2177.0	      0
 2178.0	      0
 2179.0	      4
 2180.0	      3
 2181.0	      0
 2182.0	      3
 2183.0	      1
 2184.0	      0
 2185.0	      1
 2186.0	      2
 2187.0	      2
 2188.0	      2
 2189.0	      2
 2190.0	      3
 2191.0	      1
 2192.0	      4
 2193.0	      3
 2194.0	      2
 2195.0	      0
 2196.0	      1
 2197.0	      0
 2198.0	      1
 2199.0	      0
 2200.0	      0
 2201.0	      1
 2202.0	      0
 2203.0	      1
 2204.0	    314
 2205.0	      0
 2206.0	      2
 2207.0	      0
 2208.0	      1
 2209.0	      4
 2210.0	      0
 2211.0	      1
 2212.0	      2
 2213.0	      4
 2214.0	      1
 2215.0	      0
 2216.0	      0
 2217.0	      0
 2218.0	      3
 2219.0	      0
 2220.0	      2
 2221.0	      0
 2222.0	      2
 2223.0	      2
 2224.0	      0
 2225.0	      0
 2226.0	      0
 2227.0	      1
 2228.0	      1
 2229.0	      0
 2230.0	      1
 2231.0	      0
 2232.0	      1
 2233.0	      1
 2234.0	      1
 2235.0	      0
 2236.0	      1
 2237.0	      2
 2238.0	      3
 2239.0	      2
 2240.0	      1
 2241.0	      1
 2242.0	      0
 2243.0	      1
 2244.0	      0
 2245.0	      0
 2246.0	      1
 2247.0	      1
 2248.0	      2
 2249.0	      1
 2250.0	      0
 2251.0	      2
 2252.0	      2
 2253.0	      1
 2254.0	      1
 2255.0	      1
 2256.0	      0
 2257.0	      0
 2258.0	      1
 2259.0	      0
 2260.0	      1
 2261.0	      2
 2262.0	      0
 2263.0	      1
 2264.0	      1
 2265.0	      0
 2266.0	      0
 2267.0	      0
 2268.0	      2
 2269.0	      1
 2270.0	      2
 2271.0	      1
 2272.0	      2
 2273.0	      1
 2274.0	      1
 2275.0	      3
 2276.0	      0
 2277.0	      1
 2278.0	      1
 2279.0	      3
 2280.0	      1
 2281.0	      1
 2282.0	      0
 2283.0	      1
 2284.0	      1
 2285.0	      2
 2286.0	      0
 2287.0	      2
 2288.0	      1
 2289.0	      0
 2290.0	      0
 2291.0	      0
 2292.0	      0
 2293.0	     23
 2294.0	      0
 2295.0	      0
 2296.0	      0
 2297.0	      1
 2298.0	      2
 2299.0	      0
 2300.0	      0
 2301.0	      2
 2302.0	      0
 2303.0	      1
 2304.0	      1
 2305.0	      0
 2306.0	      1
 2307.0	      0
 2308.0	      0
 2309.0	      0
 2310.0	      2
 2311.0	      0
 2312.0	      4
 2313.0	      2
 2314.0	      0
 2315.0	      1
 2316.0	      0
 2317.0	      1
 2318.0	      0
 2319.0	      0
 2320.0	      1
 2321.0	      0
 2322.0	      0
 2323.0	      1
 2324.0	      0
 2325.0	      0
 2326.0	      0
 2327.0	      1
 2328.0	      0
 2329.0	      0
 2330.0	      0
 2331.0	      2
 2332.0	      1
 2333.0	      0
 2334.0	      0
 2335.0	      0
 2336.0	      1
 2337.0	      1
 2338.0	      2
 2339.0	      0
 2340.0	      0
 2341.0	      0
 2342.0	      1
 2343.0	      1
 2344.0	      0
 2345.0	      0
 2346.0	      1
 2347.0	      0
 2348.0	      0
 2349.0	      0
 2350.0	      1
 2351.0	      0
 2352.0	      0
 2353.0	      0
 2354.0	      1
 2355.0	      0
 2356.0	      1
 2357.0	      0
 2358.0	      1
 2359.0	      2
 2360.0	      1
 2361.0	      0
 2362.0	      0
 2363.0	      0
 2364.0	      1
 2365.0	      2
 2366.0	      0
 2367.0	      0
 2368.0	      0
 2369.0	      1
 2370.0	      0
 2371.0	      1
 2372.0	      0
 2373.0	      9
 2374.0	      0
 2375.0	      0
 2376.0	      0
 2377.0	      0
 2378.0	      0
 2379.0	      0
 2380.0	      0
 2381.0	      1
 2382.0	      0
 2383.0	      0
 2384.0	      0
 2385.0	      0
 2386.0	      2
 2387.0	      0
 2388.0	      1
 2389.0	      0
 2390.0	      0
 2391.0	      0
 2392.0	      0
 2393.0	      0
 2394.0	      0
 2395.0	      0
 2396.0	      0
 2397.0	      0
 2398.0	      1
 2399.0	      0
 2400.0	      0
 2401.0	      0
 2402.0	      1
 2403.0	      0
 2404.0	      1
 2405.0	      0
 2406.0	      1
 2407.0	      0
 2408.0	      0
 2409.0	      1
 2410.0	      0
 2411.0	      0
 2412.0	      0
 2413.0	      0
 2414.0	      0
 2415.0	      0
 2416.0	      1
 2417.0	      0
 2418.0	      0
 2419.0	      0
 2420.0	      0
 2421.0	      1
 2422.0	      1
 2423.0	      0
 2424.0	      0
 2425.0	      0
 2426.0	      0
 2427.0	      0
 2428.0	      1
 2429.0	      1
 2430.0	      0
 2431.0	      0
 2432.0	      0
 2433.0	      2
 2434.0	      0
 2435.0	      0
 2436.0	      1
 2437.0	      2
 2438.0	      1
 2439.0	      0
 2440.0	      0
 2441.0	      0
 2442.0	      0
 2443.0	      0
 2444.0	      1
 2445.0	      1
 2446.0	      0
 2447.0	     87
 2448.0	      0
 2449.0	      0
 2450.0	      0
 2451.0	      0
 2452.0	      1
 2453.0	      0
 2454.0	      0
 2455.0	      0
 2456.0	      0
 2457.0	      0
 2458.0	      0
 2459.0	      0
 2460.0	      1
 2461.0	      0
 2462.0	      1
 2463.0	      1
 2464.0	      0
 2465.0	      0
 2466.0	      0
 2467.0	      0
 2468.0	      0
 2469.0	      0
 2470.0	      0
 2471.0	      0
 2472.0	      0
 2473.0	      2
 2474.0	      0
 2475.0	      1
 2476.0	      0
 2477.0	      0
 2478.0	      0
 2479.0	      0
 2480.0	      0
 2481.0	      0
 2482.0	      1
 2483.0	      2
 2484.0	      1
 2485.0	      0
 2486.0	      0
 2487.0	      1
 2488.0	      0
 2489.0	      0
 2490.0	      0
 2491.0	      1
 2492.0	      0
 2493.0	      0
 2494.0	      0
 2495.0	      0
 2496.0	      0
 2497.0	      0
 2498.0	      0
 2499.0	      0
 2500.0	      1
 2501.0	      0
 2502.0	      1
 2503.0	      0
 2504.0	      0
 2505.0	      3
 2506.0	      1
 2507.0	      0
 2508.0	      2
 2509.0	      0
 2510.0	      0
 2511.0	      0
 2512.0	      0
 2513.0	      0
 2514.0	      0
 2515.0	      1
 2516.0	      0
 2517.0	      0
 2518.0	      0
 2519.0	      0
 2520.0	      0
 2521.0	      1
 2522.0	      0
 2523.0	      0
 2524.0	      0
 2525.0	      0
 2526.0	      0
 2527.0	      1
 2528.0	      0
 2529.0	      0
 2530.0	      0
 2531.0	      0
 2532.0	      0
 2533.0	      0
 2534.0	      2
 2535.0	      1
 2536.0	      0
 2537.0	      0
 2538.0	      0
 2539.0	      0
 2540.0	      0
 2541.0	      0
 2542.0	      0
 2543.0	      1
 2544.0	      0
 2545.0	      0
 2546.0	      0
 2547.0	      1
 2548.0	      0
 2549.0	      1
 2550.0	      0
 2551.0	      0
 2552.0	      0
 2553.0	      0
 2554.0	      0
 2555.0	      0
 2556.0	      0
 2557.0	      0
 2558.0	      0
 2559.0	      0
 2560.0	      1
 2561.0	      0
 2562.0	      0
 2563.0	      0
 2564.0	      1
 2565.0	      0
 2566.0	      1
 2567.0	      0
 2568.0	      1
 2569.0	      0
 2570.0	      0
 2571.0	      0
 2572.0	      0
 2573.0	      0
 2574.0	      0
 2575.0	      0
 2576.0	      0
 2577.0	      0
 2578.0	      0
 2579.0	      0
 2580.0	      1
 2581.0	      0
 2582.0	      0
 2583.0	      0
 2584.0	      0
 2585.0	      0
 2586.0	      0
 2587.0	      1
 2588.0	      0
 2589.0	      2
 2590.0	      0
 2591.0	      1
 2592.0	      0
 2593.0	      1
 2594.0	      0
 2595.0	      0
 2596.0	      1
 2597.0	      0
 2598.0	      0
 2599.0	      0
 2600.0	      0
 2601.0	      0
 2602.0	      0
 2603.0	      0
 2604.0	      1
 2605.0	      0
 2606.0	      0
 2607.0	      0
 2608.0	      1
 2609.0	      1
 2610.0	      0
 2611.0	      1
 2612.0	      0
 2613.0	      0
 2614.0	      0
 2615.0	      0
 2616.0	      0
 2617.0	      0
 2618.0	      0
 2619.0	      0
 2620.0	      0
 2621.0	      0
 2622.0	      1
 2623.0	      0
 2624.0	      0
 2625.0	      1
 2626.0	      0
 2627.0	      0
 2628.0	      1
 2629.0	      1
 2630.0	      0
 2631.0	      0
 2632.0	      0
 2633.0	      1
 2634.0	      0
 2635.0	      0
 2636.0	      0
 2637.0	      0
 2638.0	      0
 2639.0	      1
 2640.0	      0
 2641.0	      0
 2642.0	      1
 2643.0	      1
 2644.0	      0
 2645.0	      0
 2646.0	      0
 2647.0	      0
 2648.0	      0
 2649.0	      1
 2650.0	      0
 2651.0	      0
 2652.0	      0
 2653.0	      0
 2654.0	      0
 2655.0	      0
 2656.0	      0
 2657.0	      1
 2658.0	      1
 2659.0	      0
 2660.0	      0
 2661.0	      0
 2662.0	      0
 2663.0	      0
 2664.0	      0
 2665.0	      0
 2666.0	      0
 2667.0	      1
 2668.0	      0
 2669.0	      0
 2670.0	      0
 2671.0	      0
 2672.0	      0
 2673.0	      0
 2674.0	      0
 2675.0	      0
 2676.0	      1
 2677.0	      1
 2678.0	      1
 2679.0	      0
 2680.0	      0
 2681.0	      0
 2682.0	      1
 2683.0	      1
 2684.0	      0
 2685.0	      1
 2686.0	      0
 2687.0	      0
 2688.0	      1
 2689.0	      0
 2690.0	      0
 2691.0	      1
 2692.0	      0
 2693.0	      0
 2694.0	      2
 2695.0	      0
 2696.0	      0
 2697.0	      1
 2698.0	      2
 2699.0	      0
 2700.0	      0
 2701.0	      0
 2702.0	      0
 2703.0	      0
 2704.0	      0
 2705.0	      0
 2706.0	      0
 2707.0	      0
 2708.0	      1
 2709.0	      1
 2710.0	      1
 2711.0	      0
 2712.0	      1
 2713.0	      0
 2714.0	      0
 2715.0	      0
 2716.0	      0
 2717.0	      2
 2718.0	      0
 2719.0	      0
 2720.0	      0
 2721.0	      0
 2722.0	      1
 2723.0	      0
 2724.0	      0
 2725.0	      0
 2726.0	      0
 2727.0	      0
 2728.0	      1
 2729.0	      0
 2730.0	      1
 2731.0	      0
 2732.0	      1
 2733.0	      0
 2734.0	      1
 2735.0	      0
 2736.0	      1
 2737.0	      0
 2738.0	      0
 2739.0	      0
 2740.0	      0
 2741.0	      0
 2742.0	      0
 2743.0	      0
 2744.0	      0
 2745.0	      0
 2746.0	      0
 2747.0	      0
 2748.0	      0
 2749.0	      1
 2750.0	      0
 2751.0	      1
 2752.0	      1
 2753.0	      0
 2754.0	      1
 2755.0	      2
 2756.0	      0
 2757.0	      0
 2758.0	      0
 2759.0	      1
 2760.0	      0
 2761.0	      0
 2762.0	      0
 2763.0	      0
 2764.0	      0
 2765.0	      0
 2766.0	      0
 2767.0	      0
 2768.0	      1
 2769.0	      1
 2770.0	      0
 2771.0	      0
 2772.0	      0
 2773.0	      0
 2774.0	      0
 2775.0	      0
 2776.0	      1
 2777.0	      0
 2778.0	      0
 2779.0	      1
 2780.0	      0
 2781.0	      0
 2782.0	      0
 2783.0	      1
 2784.0	      0
 2785.0	      0
 2786.0	      0
 2787.0	      0
 2788.0	      0
 2789.0	      1
 2790.0	      1
 2791.0	      1
 2792.0	      0
 2793.0	      0
 2794.0	      0
 2795.0	      0
 2796.0	      0
 2797.0	      0
 2798.0	      1
 2799.0	      0
 2800.0	      0
 2801.0	      0
 2802.0	      0
 2803.0	      0
 2804.0	      0
 2805.0	      0
 2806.0	      0
 2807.0	      1
 2808.0	      0
 2809.0	      0
 2810.0	      0
 2811.0	      0
 2812.0	      0
 2813.0	      2
 2814.0	      0
 2815.0	      0
 2816.0	      0
 2817.0	      0
 2818.0	      0
 2819.0	      0
 2820.0	      0
 2821.0	      0
 2822.0	      0
 2823.0	      0
 2824.0	      0
 2825.0	      0
 2826.0	      0
 2827.0	      0
 2828.0	      1
 2829.0	      1
 2830.0	      0
 2831.0	      1
 2832.0	      0
 2833.0	      0
 2834.0	      1
 2835.0	      0
 2836.0	      0
 2837.0	      0
 2838.0	      0
 2839.0	      0
 2840.0	      0
 2841.0	      1
 2842.0	      0
 2843.0	      0
 2844.0	      0
 2845.0	      0
 2846.0	      0
 2847.0	      0
 2848.0	      0
 2849.0	      1
 2850.0	      0
 2851.0	      1
 2852.0	      0
 2853.0	      0
 2854.0	      0
 2855.0	      0
 2856.0	      0
 2857.0	      0
 2858.0	      1
 2859.0	      0
 2860.0	      0
 2861.0	      0
 2862.0	      1
 2863.0	      0
 2864.0	      1
 2865.0	      1
 2866.0	      0
 2867.0	      0
 2868.0	      0
 2869.0	      0
 2870.0	      0
 2871.0	      0
 2872.0	      0
 2873.0	      1
 2874.0	      0
 2875.0	      0
 2876.0	      0
 2877.0	      0
 2878.0	      0
 2879.0	      0
 2880.0	      1
 2881.0	      0
 2882.0	      0
 2883.0	      0
 2884.0	      2
 2885.0	      0
 2886.0	      1
 2887.0	      0
 2888.0	      0
 2889.0	      0
 2890.0	      0
 2891.0	      0
 2892.0	      0
 2893.0	      0
 2894.0	      0
 2895.0	      1
 2896.0	      0
 2897.0	      1
 2898.0	      0
 2899.0	      0
 2900.0	      0
 2901.0	      0
 2902.0	      1
 2903.0	      0
 2904.0	      0
 2905.0	      0
 2906.0	      0
 2907.0	      0
 2908.0	      0
 2909.0	      0
 2910.0	      0
 2911.0	      0
 2912.0	      0
 2913.0	      0
 2914.0	      1
 2915.0	      0
 2916.0	      0
 2917.0	      0
 2918.0	      1
 2919.0	      0
 2920.0	      0
 2921.0	      3
 2922.0	      0
 2923.0	      0
 2924.0	      0
 2925.0	      0
 2926.0	      0
 2927.0	      1
 2928.0	      0
 2929.0	      0
 2930.0	      0
 2931.0	      0
 2932.0	      0
 2933.0	      0
 2934.0	      0
 2935.0	      0
 2936.0	      0
 2937.0	      0
 2938.0	      1
 2939.0	      0
 2940.0	      1
 2941.0	      0
 2942.0	      0
 2943.0	      0
 2944.0	      1
 2945.0	      0
 2946.0	      0
 2947.0	      0
 2948.0	      1
 2949.0	      0
 2950.0	      0
 2951.0	      0
 2952.0	      1
 2953.0	      0
 2954.0	      0
 2955.0	      0
 2956.0	      0
 2957.0	      0
 2958.0	      0
 2959.0	      1
 2960.0	      1
 2961.0	      0
 2962.0	      0
 2963.0	      0
 2964.0	      0
 2965.0	      0
 2966.0	      0
 2967.0	      1
 2968.0	      0
 2969.0	      0
 2970.0	      0
 2971.0	      0
 2972.0	      1
 2973.0	      0
 2974.0	      0
 2975.0	      0
 2976.0	      0
 2977.0	      0
 2978.0	      0
 2979.0	      0
 2980.0	      0
 2981.0	      0
 2982.0	      0
 2983.0	      0
 2984.0	      0
 2985.0	      0
 2986.0	      0
 2987.0	      0
 2988.0	      0
 2989.0	      0
 2990.0	      0
 2991.0	      0
 2992.0	      0
 2993.0	      0
 2994.0	      0
 2995.0	      0
 2996.0	      0
 2997.0	      0
 2998.0	      0
 2999.0	      1
 3000.0	      0
 3001.0	      0
 3002.0	      3
 3003.0	      1
 3004.0	      0
 3005.0	      0
 3006.0	      0
 3007.0	      0
 3008.0	      0
 3009.0	      0
 3010.0	      0
 3011.0	      0
 3012.0	      0
 3013.0	      0
 3014.0	      0
 3015.0	      0
 3016.0	      0
 3017.0	      2
 3018.0	      0
 3019.0	      0
 3020.0	      0
 3021.0	      0
 3022.0	      0
 3023.0	      0
 3024.0	      0
 3025.0	      0
 3026.0	      0
 3027.0	      0
 3028.0	      0
 3029.0	      0
 3030.0	      0
 3031.0	      0
 3032.0	      0
 3033.0	      0
 3034.0	      0
 3035.0	      1
 3036.0	      0
 3037.0	      0
 3038.0	      0
 3039.0	      0
 3040.0	      0
 3041.0	      0
 3042.0	      0
 3043.0	      0
 3044.0	      0
 3045.0	      0
 3046.0	      0
 3047.0	      0
 3048.0	      0
 3049.0	      0
 3050.0	      0
 3051.0	      1
 3052.0	      0
 3053.0	      1
 3054.0	      0
 3055.0	      0
 3056.0	      0
 3057.0	      0
 3058.0	      0
 3059.0	      0
 3060.0	      0
 3061.0	      0
 3062.0	      0
 3063.0	      0
 3064.0	      0
 3065.0	      0
 3066.0	      1
 3067.0	      0
 3068.0	      0
 3069.0	      0
 3070.0	      0
 3071.0	      0
 3072.0	      0
 3073.0	      1
 3074.0	      0
 3075.0	      0
 3076.0	      0
 3077.0	      0
 3078.0	      0
 3079.0	      0
 3080.0	      0
 3081.0	      1
 3082.0	      0
 3083.0	      0
 3084.0	      0
 3085.0	      1
 3086.0	      0
 3087.0	      0
 3088.0	      0
 3089.0	      0
 3090.0	      0
 3091.0	      0
 3092.0	      0
 3093.0	      1
 3094.0	      0
 3095.0	      0
 3096.0	      0
 3097.0	      0
 3098.0	      0
 3099.0	      0
 3100.0	      0
 3101.0	      0
 3102.0	      0
 3103.0	      0
 3104.0	      0
 3105.0	      0
 3106.0	      0
 3107.0	      1
 3108.0	      0
 3109.0	      0
 3110.0	      0
 3111.0	      0
 3112.0	      0
 3113.0	      0
 3114.0	      0
 3115.0	      1
 3116.0	      0
 3117.0	      0
 3118.0	      0
 3119.0	      0
 3120.0	      0
 3121.0	      0
 3122.0	      1
 3123.0	      0
 3124.0	      0
 3125.0	      0
 3126.0	      0
 3127.0	      0
 3128.0	      0
 3129.0	      0
 3130.0	      0
 3131.0	      0
 3132.0	      0
 3133.0	      0
 3134.0	      0
 3135.0	      0
 3136.0	      0
 3137.0	      0
 3138.0	      0
 3139.0	      0
 3140.0	      0
 3141.0	      0
 3142.0	      1
 3143.0	      1
 3144.0	      0
 3145.0	      0
 3146.0	      0
 3147.0	      0
 3148.0	      0
 3149.0	      0
 3150.0	      0
 3151.0	      0
 3152.0	      0
 3153.0	      0
 3154.0	      0
 3155.0	      0
 3156.0	      0
 3157.0	      0
 3158.0	      0
 3159.0	      0
 3160.0	      0
 3161.0	      0
 3162.0	      0
 3163.0	      0
 3164.0	      0
 3165.0	      0
 3166.0	      1
 3167.0	      1
 3168.0	      1
 3169.0	      0
 3170.0	      0
 3171.0	      1
 3172.0	      0
 3173.0	      0
 3174.0	      0
 3175.0	      0
 3176.0	      1
 3177.0	      0
 3178.0	      0
 3179.0	      0
 3180.0	      1
 3181.0	      0
 3182.0	      0
 3183.0	      0
 3184.0	      0
 3185.0	      0
 3186.0	      0
 3187.0	      1
 3188.0	      0
 3189.0	      0
 3190.0	      0
 3191.0	      0
 3192.0	      0
 3193.0	      1
 3194.0	      0
 3195.0	      0
 3196.0	      0
 3197.0	      0
 3198.0	      0
 3199.0	      0
 3200.0	      0
 3201.0	      0
 3202.0	      0
 3203.0	      0
 3204.0	      0
 3205.0	      0
 3206.0	      0
 3207.0	      0
 3208.0	      0
 3209.0	      0
 3210.0	      0
 3211.0	      0
 3212.0	      0
 3213.0	      0
 3214.0	      0
 3215.0	      1
 3216.0	      0
 3217.0	      0
 3218.0	      0
 3219.0	      1
 3220.0	      0
 3221.0	      0
 3222.0	      0
 3223.0	      0
 3224.0	      0
 3225.0	      0
 3226.0	      0
 3227.0	      0
 3228.0	      0
 3229.0	      0
 3230.0	      0
 3231.0	      0
 3232.0	      0
 3233.0	      0
 3234.0	      0
 3235.0	      0
 3236.0	      1
 3237.0	      0
 3238.0	      0
 3239.0	      0
 3240.0	      0
 3241.0	      0
 3242.0	      0
 3243.0	      0
 3244.0	      0
 3245.0	      0
 3246.0	      0
 3247.0	      0
 3248.0	      0
 3249.0	      0
 3250.0	      0
 3251.0	      0
 3252.0	      0
 3253.0	      0
 3254.0	      0
 3255.0	      0
 3256.0	      0
 3257.0	      0
 3258.0	      0
 3259.0	      0
 3260.0	      0
 3261.0	      0
 3262.0	      0
 3263.0	      0
 3264.0	      0
 3265.0	      0
 3266.0	      0
 3267.0	      0
 3268.0	      0
 3269.0	      1
 3270.0	      0
 3271.0	      0
 3272.0	      0
 3273.0	      0
 3274.0	      0
 3275.0	      0
 3276.0	      0
 3277.0	      0
 3278.0	      0
 3279.0	      0
 3280.0	      0
 3281.0	      0
 3282.0	      0
 3283.0	      0
 3284.0	      0
 3285.0	      0
 3286.0	      0
 3287.0	      0
 3288.0	      0
 3289.0	      0
 3290.0	      0
 3291.0	      0
 3292.0	      0
 3293.0	      1
 3294.0	      0
 3295.0	      0
 3296.0	      0
 3297.0	      0
 3298.0	      0
 3299.0	      0
 3300.0	      0
 3301.0	      0
 3302.0	      0
 3303.0	      0
 3304.0	      0
 3305.0	      0
 3306.0	      0
 3307.0	      0
 3308.0	      0
 3309.0	      0
 3310.0	      0
 3311.0	      0
 3312.0	      0
 3313.0	      0
 3314.0	      0
 3315.0	      0
 3316.0	      0
 3317.0	      0
 3318.0	      0
 3319.0	      0
 3320.0	      0
 3321.0	      0
 3322.0	      0
 3323.0	      0
 3324.0	      2
 3325.0	      0
 3326.0	      0
 3327.0	      0
 3328.0	      0
 3329.0	      0
 3330.0	      0
 3331.0	      0
 3332.0	      1
 3333.0	      0
 3334.0	      0
 3335.0	      0
 3336.0	      0
 3337.0	      0
 3338.0	      1
 3339.0	      0
 3340.0	      0
 3341.0	      0
 3342.0	      0
 3343.0	      0
 3344.0	      0
 3345.0	      0
 3346.0	      0
 3347.0	      1
 3348.0	      0
 3349.0	      0
 3350.0	      0
 3351.0	      0
 3352.0	      0
 3353.0	      0
 3354.0	      0
 3355.0	      0
 3356.0	      0
 3357.0	      0
 3358.0	      0
 3359.0	      0
 3360.0	      0
 3361.0	      1
 3362.0	      0
 3363.0	      0
 3364.0	      0
 3365.0	      0
 3366.0	      0
 3367.0	      0
 3368.0	      0
 3369.0	      0
 3370.0	      0
 3371.0	      0
 3372.0	      0
 3373.0	      0
 3374.0	      0
 3375.0	      0
 3376.0	      0
 3377.0	      0
 3378.0	      0
 3379.0	      0
 3380.0	      0
 3381.0	      0
 3382.0	      0
 3383.0	      0
 3384.0	      0
 3385.0	      0
 3386.0	      0
 3387.0	      0
 3388.0	      0
 3389.0	      0
 3390.0	      0
 3391.0	      0
 3392.0	      0
 3393.0	      0
 3394.0	      0
 3395.0	      0
 3396.0	      0
 3397.0	      0
 3398.0	      0
 3399.0	      0
 3400.0	      0
 3401.0	      0
 3402.0	      0
 3403.0	      0
 3404.0	      0
 3405.0	      0
 3406.0	      0
 3407.0	      0
 3408.0	      0
 3409.0	      0
 3410.0	      0
 3411.0	      0
 3412.0	      0
 3413.0	      0
 3414.0	      0
 3415.0	      0
 3416.0	      0
 3417.0	      0
 3418.0	      0
 3419.0	      0
 3420.0	      0
 3421.0	      0
 3422.0	      0
 3423.0	      0
 3424.0	      0
 3425.0	      0
 3426.0	      0
 3427.0	      0
 3428.0	      0
 3429.0	      0
 3430.0	      1
 3431.0	      0
 3432.0	      0
 3433.0	      0
 3434.0	      0
 3435.0	      0
 3436.0	      0
 3437.0	      0
 3438.0	      0
 3439.0	      1
 3440.0	      0
 3441.0	      0
 3442.0	      1
 3443.0	      0
 3444.0	      0
 3445.0	      0
 3446.0	      0
 3447.0	      0
 3448.0	      0
 3449.0	      0
 3450.0	      0
 3451.0	      0
 3452.0	      0
 3453.0	      0
 3454.0	      0
 3455.0	      0
 3456.0	      0
 3457.0	      0
 3458.0	      0
 3459.0	      0
 3460.0	      0
 3461.0	      0
 3462.0	      0
 3463.0	      0
 3464.0	      0
 3465.0	      0
 3466.0	      0
 3467.0	      0
 3468.0	      0
 3469.0	      0
 3470.0	      0
 3471.0	      0
 3472.0	      0
 3473.0	      0
 3474.0	      0
 3475.0	      0
 3476.0	      0
 3477.0	      0
 3478.0	      0
 3479.0	      0
 3480.0	      0
 3481.0	      0
 3482.0	      0
 3483.0	      0
 3484.0	      0
 3485.0	      0
 3486.0	      0
 3487.0	      0
 3488.0	      0
 3489.0	      0
 3490.0	      0
 3491.0	      0
 3492.0	      0
 3493.0	      0
 3494.0	      0
 3495.0	      0
 3496.0	      0
 3497.0	      0
 3498.0	      0
 3499.0	      0
 3500.0	      0
 3501.0	      0
 3502.0	      0
 3503.0	      0
 3504.0	      0
 3505.0	      0
 3506.0	      0
 3507.0	      0
 3508.0	      0
 3509.0	      0
 3510.0	      0
 3511.0	      0
 3512.0	      0
 3513.0	      0
 3514.0	      0
 3515.0	      0
 3516.0	      0
 3517.0	      0
 3518.0	      0
 3519.0	      0
 3520.0	      0
 3521.0	      0
 3522.0	      0
 3523.0	      0
 3524.0	      0
 3525.0	      0
 3526.0	      0
 3527.0	      0
 3528.0	      0
 3529.0	      0
 3530.0	      0
 3531.0	      0
 3532.0	      0
 3533.0	      0
 3534.0	      0
 3535.0	      0
 3536.0	      0
 3537.0	      0
 3538.0	      0
 3539.0	      0
 3540.0	      0
 3541.0	      0
 3542.0	      0
 3543.0	      0
 3544.0	      0
 3545.0	      0
 3546.0	      0
 3547.0	      0
 3548.0	      0
 3549.0	      0
 3550.0	      0
 3551.0	      0
 3552.0	      0
 3553.0	      0
 3554.0	      0
 3555.0	      0
 3556.0	      0
 3557.0	      0
 3558.0	      0
 3559.0	      0
 3560.0	      0
 3561.0	      0
 3562.0	      0
 3563.0	      0
 3564.0	      0
 3565.0	      0
 3566.0	      0
 3567.0	      0
 3568.0	      0
 3569.0	      0
 3570.0	      0
 3571.0	      1
 3572.0	      0
 3573.0	      0
 3574.0	      0
 3575.0	      0
 3576.0	      0
 3577.0	      0
 3578.0	      0
 3579.0	      0
 3580.0	      0
 3581.0	      0
 3582.0	      0
 3583.0	      0
 3584.0	      0
 3585.0	      0
 3586.0	      0
 3587.0	      0
 3588.0	      0
 3589.0	      0
 3590.0	      0
 3591.0	      0
 3592.0	      0
 3593.0	      0
 3594.0	      0
 3595.0	      0
 3596.0	      0
 3597.0	      0
 3598.0	      0
 3599.0	      0
 3600.0	      0
 3601.0	      0
 3602.0	      1
 3603.0	      0
 3604.0	      0
 3605.0	      0
 3606.0	      0
 3607.0	      0
 3608.0	      0
 3609.0	      0
 3610.0	      0
 3611.0	      0
 3612.0	      0
 3613.0	      0
 3614.0	      0
 3615.0	      0
 3616.0	      0
 3617.0	      0
 3618.0	      1
 3619.0	      0
 3620.0	      0
 3621.0	      0
 3622.0	      0
 3623.0	      0
 3624.0	      0
 3625.0	      0
 3626.0	      0
 3627.0	      0
 3628.0	      0
 3629.0	      0
 3630.0	      0
 3631.0	      0
 3632.0	      0
 3633.0	      0
 3634.0	      0
 3635.0	      0
 3636.0	      0
 3637.0	      0
 3638.0	      0
 3639.0	      0
 3640.0	      0
 3641.0	      0
 3642.0	      0
 3643.0	      0
 3644.0	      0
 3645.0	      0
 3646.0	      0
 3647.0	      0
 3648.0	      0
 3649.0	      0
 3650.0	      0
 3651.0	      0
 3652.0	      0
 3653.0	      0
 3654.0	      0
 3655.0	      0
 3656.0	      0
 3657.0	      0
 3658.0	      0
 3659.0	      0
 3660.0	      0
 3661.0	      0
 3662.0	      0
 3663.0	      0
 3664.0	      0
 3665.0	      0
 3666.0	      0
 3667.0	      0
 3668.0	      0
 3669.0	      0
 3670.0	      0
 3671.0	      1
 3672.0	      0
 3673.0	      0
 3674.0	      0
 3675.0	      0
 3676.0	      0
 3677.0	      0
 3678.0	      0
 3679.0	      0
 3680.0	      0
 3681.0	      0
 3682.0	      0
 3683.0	      0
 3684.0	      0
 3685.0	      0
 3686.0	      0
 3687.0	      0
 3688.0	      0
 3689.0	      0
 3690.0	      0
 3691.0	      0
 3692.0	      0
 3693.0	      0
 3694.0	      0
 3695.0	      0
 3696.0	      0
 3697.0	      0
 3698.0	      0
 3699.0	      0
 3700.0	      0
 3701.0	      0
 3702.0	      0
 3703.0	      0
 3704.0	      0
 3705.0	      0
 3706.0	      0
 3707.0	      0
 3708.0	      0
 3709.0	      0
 3710.0	      0
 3711.0	      0
 3712.0	      0
 3713.0	      0
 3714.0	      0
 3715.0	      0
 3716.0	      0
 3717.0	      0
 3718.0	      0
 3719.0	      0
 3720.0	      0
 3721.0	      0
 3722.0	      0
 3723.0	      0
 3724.0	      0
 3725.0	      0
 3726.0	      0
 3727.0	      0
 3728.0	      1
 3729.0	      0
 3730.0	      0
 3731.0	      0
 3732.0	      0
 3733.0	      0
 3734.0	      0
 3735.0	      0
 3736.0	      0
 3737.0	      0
 3738.0	      0
 3739.0	      0
 3740.0	      0
 3741.0	      0
 3742.0	      0
 3743.0	      0
 3744.0	      0
 3745.0	      0
 3746.0	      0
 3747.0	      0
 3748.0	      0
 3749.0	      0
 3750.0	      0
 3751.0	      0
 3752.0	      0
 3753.0	      0
 3754.0	      0
 3755.0	      0
 3756.0	      0
 3757.0	      0
 3758.0	      0
 3759.0	      0
 3760.0	      0
 3761.0	      0
 3762.0	      0
 3763.0	      0
 3764.0	      0
 3765.0	      0
 3766.0	      0
 3767.0	      0
 3768.0	      0
 3769.0	      0
 3770.0	      0
 3771.0	      0
 3772.0	      0
 3773.0	      0
 3774.0	      0
 3775.0	      0
 3776.0	      0
 3777.0	      0
 3778.0	      0
 3779.0	      0
 3780.0	      0
 3781.0	      0
 3782.0	      0
 3783.0	      0
 3784.0	      0
 3785.0	      0
 3786.0	      0
 3787.0	      0
 3788.0	      0
 3789.0	      0
 3790.0	      0
 3791.0	      0
 3792.0	      0
 3793.0	      0
 3794.0	      0
 3795.0	      0
 3796.0	      0
 3797.0	      1
 3798.0	      0
 3799.0	      0
 3800.0	      0
 3801.0	      0
 3802.0	      0
 3803.0	      0
 3804.0	      0
 3805.0	      0
 3806.0	      0
 3807.0	      0
 3808.0	      0
 3809.0	      0
 3810.0	      0
 3811.0	      0
 3812.0	      0
 3813.0	      0
 3814.0	      0
 3815.0	      0
 3816.0	      0
 3817.0	      0
 3818.0	      0
 3819.0	      0
 3820.0	      0
 3821.0	      0
 3822.0	      0
 3823.0	      0
 3824.0	      0
 3825.0	      0
 3826.0	      0
 3827.0	      0
 3828.0	      0
 3829.0	      0
 3830.0	      0
 3831.0	      0
 3832.0	      0
 3833.0	      0
 3834.0	      0
 3835.0	      0
 3836.0	      0
 3837.0	      0
 3838.0	      0
 3839.0	      0
 3840.0	      0
 3841.0	      0
 3842.0	      0
 3843.0	      0
 3844.0	      0
 3845.0	      0
 3846.0	      0
 3847.0	      0
 3848.0	      0
 3849.0	      0
 3850.0	      0
 3851.0	      0
 3852.0	      0
 3853.0	      0
 3854.0	      0
 3855.0	      0
 3856.0	      0
 3857.0	      0
 3858.0	      0
 3859.0	      0
 3860.0	      0
 3861.0	      0
 3862.0	      0
 3863.0	      0
 3864.0	      0
 3865.0	      0
 3866.0	      0
 3867.0	      0
 3868.0	      0
 3869.0	      0
 3870.0	      0
 3871.0	      0
 3872.0	      0
 3873.0	      0
 3874.0	      0
 3875.0	      0
 3876.0	      0
 3877.0	      0
 3878.0	      0
 3879.0	      0
 3880.0	      0
 3881.0	      0
 3882.0	      0
 3883.0	      0
 3884.0	      0
 3885.0	      0
 3886.0	      0
 3887.0	      0
 3888.0	      0
 3889.0	      0
 3890.0	      0
 3891.0	      0
 3892.0	      0
 3893.0	      0
 3894.0	      0
 3895.0	      0
 3896.0	      0
 3897.0	      0
 3898.0	      0
 3899.0	      0
 3900.0	      0
 3901.0	      0
 3902.0	      0
 3903.0	      0
 3904.0	      0
 3905.0	      0
 3906.0	      0
 3907.0	      0
 3908.0	      0
 3909.0	      0
 3910.0	      0
 3911.0	      0
 3912.0	      0
 3913.0	      0
 3914.0	      0
 3915.0	      0
 3916.0	      0
 3917.0	      0
 3918.0	      0
 3919.0	      0
 3920.0	      0
 3921.0	      0
 3922.0	      0
 3923.0	      0
 3924.0	      0
 3925.0	      0
 3926.0	      0
 3927.0	      0
 3928.0	      0
 3929.0	      0
 3930.0	      0
 3931.0	      0
 3932.0	      0
 3933.0	      0
 3934.0	      0
 3935.0	      0
 3936.0	      0
 3937.0	      0
 3938.0	      0
 3939.0	      0
 3940.0	      0
 3941.0	      0
 3942.0	      0
 3943.0	      0
 3944.0	      0
 3945.0	      0
 3946.0	      0
 3947.0	      0
 3948.0	      0
 3949.0	      0
 3950.0	      0
 3951.0	      0
 3952.0	      0
 3953.0	      0
 3954.0	      0
 3955.0	      0
 3956.0	      0
 3957.0	      0
 3958.0	      0
 3959.0	      0
 3960.0	      0
 3961.0	      0
 3962.0	      0
 3963.0	      0
 3964.0	      0
 3965.0	      0
 3966.0	      0
 3967.0	      0
 3968.0	      1
 3969.0	      0
 3970.0	      0
 3971.0	      0
 3972.0	      0
 3973.0	      0
 3974.0	      0
 3975.0	      0
 3976.0	      0
 3977.0	      0
 3978.0	      0
 3979.0	      0
 3980.0	      0
 3981.0	      0
 3982.0	      0
 3983.0	      0
 3984.0	      0
 3985.0	      0
 3986.0	      0
 3987.0	      0
 3988.0	      0
 3989.0	      0
 3990.0	      0
 3991.0	      0
 3992.0	      0
 3993.0	      0
 3994.0	      0
 3995.0	      0
 3996.0	      0
 3997.0	      0
 3998.0	      0
 3999.0	      0
 4000.0	      0
 4001.0	      0
 4002.0	      0
 4003.0	      0
 4004.0	      0
 4005.0	      0
 4006.0	      0
 4007.0	      0
 4008.0	      0
 4009.0	      0
 4010.0	      0
 4011.0	      0
 4012.0	      0
 4013.0	      0
 4014.0	      0
 4015.0	      0
 4016.0	      0
 4017.0	      0
 4018.0	      0
 4019.0	      0
 4020.0	      0
 4021.0	      0
 4022.0	      0
 4023.0	      1
 4024.0	      0
 4025.0	      0
 4026.0	      0
 4027.0	      0
 4028.0	      0
 4029.0	      0
 4030.0	      0
 4031.0	      0
 4032.0	      0
 4033.0	      0
 4034.0	      0
 4035.0	      0
 4036.0	      0
 4037.0	      0
 4038.0	      0
 4039.0	      0
 4040.0	      0
 4041.0	      0
 4042.0	      0
 4043.0	      0
 4044.0	      0
 4045.0	      0
 4046.0	      0
 4047.0	      0
 4048.0	      0
 4049.0	      0
 4050.0	      0
 4051.0	      0
 4052.0	      0
 4053.0	      0
 4054.0	      0
 4055.0	      0
 4056.0	      0
 4057.0	      0
 4058.0	      0
 4059.0	      0
 4060.0	      0
 4061.0	      0
 4062.0	      0
 4063.0	      0
 4064.0	      0
 4065.0	      0
 4066.0	      0
 4067.0	      0
 4068.0	      0
 4069.0	      0
 4070.0	      0
 4071.0	      0
 4072.0	      0
 4073.0	      0
 4074.0	      0
 4075.0	      0
 4076.0	      0
 4077.0	      0
 4078.0	      0
 4079.0	      0
 4080.0	      0
 4081.0	      0
 4082.0	      0
 4083.0	      0
 4084.0	      0
 4085.0	      0
 4086.0	      0
 4087.0	      0
 4088.0	      0
 4089.0	      0
 4090.0	      0
 4091.0	      0
 4092.0	      0
 4093.0	      0
 4094.0	      0
 4095.0	      0
